% Datos iniciales
x1 = [7.4	7.8	7.8	11.2	7.4	7.4	7.9	7.3	7.8	7.5	6.7	7.5	5.6	7.8	8.9	8.9	8.5	8.1	7.4	7.9	8.9	7.6	7.9	8.5	6.9	6.3	7.6	7.9	7.1	7.8	6.7	6.9	8.3	6.9	5.2	7.8	7.8	8.1	5.7	7.3	7.3	8.8	7.5	8.1	6.8	4.6	7.7	8.7	6.4	5.6	8.8	6.6	6.6	8.6	7.6	7.7	10.2	7.5	7.8	7.3	8.8	7.7	7.5	7	7.2	7.2	7.5	6.6	9.3	8	7.7	7.7	7.7	8.3	9.7	8.8	8.8	6.8	6.7	8.3	6.2	7.8	7.4	7.3	6.3	6.9	8.6	7.7	9.3	7	7.9	8.6	8.6	7.7	5	4.7	6.8	7	7.6	8.1	8.3	7.8	8.1	8.1	7.2	8.1	7.8	6.2	8	8.1	7.8	8.4	8.4	10.1	7.8	9.4	8.3	7.8	8.8	7	7.3	8.8	7.3	8	7.8	9	8.2	8.1	8	6.1	8	5.6	5.6	6.6	7.9	8.4	8.3	7.2	7.8	7.8	8.4	8.3	5.2	6.3	5.2	8.1	5.8	7.6	6.9	8.2	7.3	9.2	7.5	7.5	7.1	7.1	7.1	7.1	7.1	6.8	7.6	7.6	7.8	7.4	7.3	7.8	6.8	7.3	6.8	7.5	7.9	8	8	7.4	7.3	6.9	7.3	7.5	7	8.8	8.8	8.9	7.2	6.8	6.7	8.9	7.4	7.7	7.9	7.9	8.2	6.4	6.8	7.6	7.6	7.8	7.3	11.5	5.4	6.9	9.6	8.8	6.8	7	7	12.8	12.8	7.8	7.8	11	9.7	8	11.6	8.2	7.8	7	8.7	8.1	7.5	7.8	7.8	7.4	6.8	8.6	8.4	7.7	8.9	9	7.7	6.9	5.2	8	8.5	6.9	8.2	7.2	7.2	7.2	7.2	8.2	8.9	12	7.7	15	15	7.3	7.1	8.2	7.7	7.3	10.8	7.1	11.1	7.7	7.1	8	9.4	6.6	7.7	10	7.9	7	8	7.9	12.5	11.8	8.1	7.9	6.9	11.5	7.9	11.5	10.9	8.4	7.5	7.9	6.9	11.5	10.3	8.9	11.4	7.7	7.6	8.9	9.9	9.9	12	7.5	8.7	11.6	8.7	11	10.4	6.9	13.3	10.8	10.6	7.1	7.2	6.9	7.5	11.1	8.3	7.4	8.4	10.3	7.6	10.3	10.3	7.4	10.3	7.9	9	8.6	7.4	7.1	9.6	9.6	9.8	9.6	9.8	9.3	7.8	10.3	10	10	11.6	10.3	13.4	10.7	10.2	10.2	8	8.4	7.9	11.9	8.9	7.8	12.4	12.5	12.2	10.6	10.9	10.9	11.9	7	6.6	13.8	9.6	9.1	10.7	9.1	7.7	13.5	6.1	6.7	11.5	10.5	11.9	12.6	8.2	8.6	11.9	12.5	12.8	10	12.8	10.4	10.3	9.4	6.9	7.9	9.1	7.4	14	11.5	11.5	9.4	11.4	8.3	8.3	13.7	8.3	8.3	7.7	7.4	7.8	8.3	7.8	9.6	5.6	13.7	9.5	8.4	12.7	12	6.6	11.5	11.5	8.7	6.6	7.7	12.2	11.4	7.7	8.7	9.8	12	10.4	12.5	9	9.1	7.1	9.9	8.8	8.6	10.6	7	11.9	6.8	9.5	6.6	7.7	10.5	7.7	6.6	6.4	9.5	9.1	12.8	10.5	7.8	11.9	12.3	10.4	12.3	8	11.1	10.4	7	12.6	11.9	15.6	10	5.3	9.5	12.5	9.3	8.6	11.9	11.9	8.4	6.8	10.4	7	11.3	8.9	9.2	10.4	11.6	9.2	8.3	11	8.1	11.5	10	10.3	8.8	11.4	8.7	13	9.6	12.5	9.9	10.5	9.6	9.3	10.4	9.6	9.4	10.6	9.4	10.6	10.6	10.6	10.2	10.2	10.2	11.6	9.3	9.3	9.2	8.9	8.7	6.5	10.7	7.8	7.2	10.7	8.7	7.8	10.4	10.4	10.5	10.5	10.2	10.4	11.2	10	13.3	12.4	10	10.7	10.5	10.5	8.5	12.5	10.4	10.9	7.3	9.8	7.6	8.2	9.3	9.2	10.4	7.3	7	8.2	9.9	9.1	11.9	11.9	10.3	10	9.1	9.9	8.1	12.9	11.2	9.2	9.5	9.3	11.2	14.3	9.1	7.5	10.6	12.4	9	6.8	9.4	9.5	5	15.5	15.5	10.9	15.6	10.9	13	12.7	9	9	7.6	13	12.7	8.7	8.7	9.8	6.2	11.5	6.2	10.2	10.5	10.6	12.3	9.9	8.8	8.8	10.6	12.3	12.3	11.7	12	11.8	7.6	11.1	7.3	5	10.2	9	6.6	9	9.9	7.9	8.9	12.4	11.9	8.5	12.7	8.2	13.2	7.7	13.2	8.3	8.3	9.4	8.8	10.1	6.3	8.8	13.2	7.5	8.2	9.2	9.6	9.6	11.5	11.4	11.3	8.3	8.2	10	7.9	6.8	6.8	8.8	8.8	8.7	7.6	8.7	10.4	7.6	10.1	7.9	8.7	9.6	9.5	7.7	8.9	9.9	9.5	9.9	9.5	9.9	7.8	7.3	8.3	8.7	6.7	10.7	9.8	15.9	9.4	8.6	9.7	10.7	12	7.2	7.1	7.2	7.5	7.2	10.1	12.1	9.4	8.3	11.3	10	11.3	6.9	8.2	9.8	8.2	10.8	9.3	10.8	8.6	8.3	10.8	13.3	8	8.5	8.1	9.8	8.1	7.1	9.1	7.7	8.1	7.4	9.2	8.6	9	9	5.1	7	7	9.4	11.8	10.6	7	7	7.5	9.1	8.4	7	7.4	7.8	9.7	10.6	8.9	8.7	8	9.9	7.2	8	7.6	8.4	7.1	8.4	8.9	7.6	7.1	7.5	9	8.1	6.4	6.4	6.4	9.5	8.9	7.3	7	7.7	7.7	7.7	8.2	9	9	8.3	9.2	6.5	11.6	11.1	7.3	8.2	8.6	7.2	7.3	8.3	8.3	7.6	8.3	7.8	7.8	6.3	8.1	8.1	8.8	9	9.3	8.8	9.3	9.1	9.2	8.8	7.5	7.1	7.9	7.1	9.4	9.5	7.9	7.9	7.2	6.9	6.9	8.3	7.1	7	6.5	9	6.5	7.1	9.9	9.9	10	10	8.6	7.4	8.8	7.1	7.7	10.1	10.8	8.7	9.3	9.4	9.4	7.2	8.6	5.1	7.7	8.4	8.2	8.4	8.2	7.4	7.6	7.3	12.9	10.8	6.9	12.6	10.8	9.8	10.8	7.1	9.1	7	4.9	6.7	6.7	7.1	7.1	7.5	7.1	7.8	5.9	7.5	5.9	10.4	11.6	8.8	7.6	6.7	6.7	10.1	6	11.1	6.6	10.6	7.1	9.9	6.4	6.4	7.4	6.4	6.4	9.3	9.3	8	9.3	9.3	7.6	9.3	8.2	11.7	6.8	7.2	5.8	7.5	7.2	7.2	7.2	6.8	6.9	6.8	7.6	7.7	6.9	7.3	9.1	10.4	8.8	7.1	7.7	8.8	7.2	9.2	7.6	8.4	7.2	8.8	8.9	9	10.7	6.8	10.7	7.2	7.2	10.1	7.2	7.2	7.1	8.3	7.1	8.3	8.3	8.9	7.4	7.4	6.8	6.8	9.2	7.2	6.1	7.4	7.3	9.3	9.1	10	9.4	7.3	8.6	5.3	6.8	8.4	8.4	9.6	8.4	8.4	6.8	8.6	8.6	9.4	8.4	8.6	8.7	6.6	7.4	7.6	7.4	6.6	8.8	8.8	12	7.2	6.2	9.6	9.9	10.1	9.8	8.3	10.2	10.2	8.3	8.9	8.9	8.9	8.3	8.2	10.2	7.6	8.5	9	9.5	6.4	8	8.5	7.1	6.6	8.8	8.5	8.3	9	8.5	9	6.7	10.4	10.4	10.1	8.5	8.8	7.2	7.2	8.4	7	12.2	9.1	9.5	7.3	9.1	12.2	7.4	9.8	7.1	7.7	9.7	7.7	7.1	6.5	7.1	10	7.7	5.6	5.6	8.9	6.4	7.5	9.9	9.1	6.8	8.2	6.8	9.1	9.1	8.9	9.6	8.9	8.9	7.7	7.5	8	10.5	8.9	8	8	7	11.3	11.3	7	8.2	7.7	8.6	7.9	6.4	7.2	7.7	7.1	7.3	8.1	7.5	8.9	10.1	7.6	7.3	8.7	8.9	7.4	6.9	8.9	9.5	6.4	6.9	7.6	7.1	9.3	9.3	7.1	8.5	5.6	8.3	8.2	8.2	8.9	7.6	9.9	8.9	11.6	9.1	8	10.2	8.2	7.7	6.6	11.1	11.1	8	9.3	7.5	7.2	8	7.5	9.1	9.9	8.6	8.6	7.9	10.3	7.9	7.2	8.7	7.2	6.8	8.5	7.9	11.6	11.6	10	7.9	7	9.2	6.6	9.4	6.6	8.6	8	8.6	8.4	7.4	6.1	7.4	8	6.3	8.2	9.1	8.1	10.8	8.3	5.4	7.9	8.9	5	7	7	7	7.1	5.6	7.9	6.6	6.3	10.7	6.5	8.8	5.8	6.3	10	10.5	9.1	5.9	7.4	7.2	8.5	8	10.4	10.4	7.5	8.2	7.3	8.2	6.9	7	7.3	8.2	7.8	10	7.8	10	8.2	6.1	8.3	9.6	6.6	8.3	8.5	5.1	6.7	10.2	10.6	8.8	8.5	9	9	8.5	9.9	8.2	6.5	7.6	9.2	7.1	9.7	7.6	7.6	6.5	6.5	7.1	5.6	8.2	8.2	9.8	10.2	6.8	6.7	7	6.6	7	6.7	8.8	9.1	6.5	7.2	6.4	7	6.2	7.9	7.7	7.7	7.9	7.7	7.9	8.6	9.9	7.2	7.2	7.2	9.9	7.2	6.2	6.8	6.6	6.8	9.6	10.2	8.8	7.9	8.2	8.2	9	10.9	10.9	8.1	10.5	12.6	9.2	7.5	9	5.1	7.6	7.7	7.8	7.6	10.2	7.1	6	7.8	7.1	8.1	6.5	7.5	9.8	9	8.3	5.9	7.4	7.4	7.4	6.9	7.1	7.1	7.5	7.1	7.9	7.8	6.1	7.5	7	6.8	6.8	8.6	6.3	9.8	8.2	8.5	7.2	7.2	10.4	6.9	5.5	5	7.3	5.9	7.5	7.8	8	8.5	7	8	9.8	7.1	7.1	7.9	8.7	7	11.3	7.1	8	7	7	7.6	8.2	5.9	7.5	8.2	6.6	6.6	7.2	5.7	7.6	5.2	6.7	9.1	8	7.6	7.5	9.7	6.8	9.7	7	7.5	6.5	8	7	7	7.5	5.4	9.9	7.5	9.1	9.7	5	9.1	9.1	6.7	6.7	6.7	6.7	6.5	7.4	7.4	7.8	8.4	9.1	7.2	6.6	6	6	6	7.5	7.5	7.5	7.6	7.5	11.5	8.2	6.1	7.2	7.2	6.9	9	7.2	7.6	7.6	7.2	6.1	6.1	7.3	7.4	11.6	9.2	8.3	11.6	8	7.2	7.8	7.3	6.9	8	6.6	8.7	7.5	8.7	7.7	6.8	7.2	8.2	5.2	7.2	7.5	7.5	6.8	8	8	7.1	8	7.4	7.4	6.6	6.7	6	8	7.1	8	6.4	8.6	8.7	7.3	7	7.2	7.9	7.9	7.6	7.2	8	7.7	8.2	6	8.1	6	6.6	6.4	8.2	9.9	10	6.2	10	7.3	7.8	7.7	7.8	7.5	7	6.4	8.3	8.3	7.7	7.6	7.8	7.9	7.4	7.6	5.9	6.1	10.2	10.2	10	6.8	7	7.3	7.2	7.4	6.9	6.9	7.3	7.4	6.9	6.8	6.9	7.2	7.2	7.8	6.6	7.6	11.7	6.5	6	7.6	8.4	7.9	6.4	6.2	6.8	6.9	6.8	6.8	7.3	6.7	7.3	7.3	10	6.7	7.6	6.1	9.9	5.3	9.9	5.3	7.1	8.2	5.6	8.2	7.2	8.1	6.8	7	6.8	6	5.6	6.2	7.1	5.6	6.2	7.7	6.4	7	7.7	6.9	6.6	6.9	7.5	7.8	7.3	6.2	7.5	6.7	6.8	7.5	7.1	7.9	6.4	7.1	6.4	6.4	6.9	6.9	6.1	6.5	7.4	6.6	6.5	6.9	6.1	6.8	6	6.7	6.8	7.1	7.9	7.1	6.6	6.1	7.2	8	6.6	7	6.1	5.4	6.2	7.2	6.2	7.4	6.7	11.1	8.4	6.5	7	6.3	11.2	7.4	7.1	7.1	6.3	7.3	6.6	7	6.6	6.6	6.9	7.8	7.8	7.8	7.2	7.2	7.2	6.7	6.7	7.2	7	6.2	6.4	6.4	7.3	6	5.6	7.5	8	6.2	6.8	6.2	7.4	6.2	6.1	6.2	6.7	7.2	7.5	5.8	7.2	6.6	6.3	5.4	6.3	6.8	6.2	5.9	6.3	5.9	6];
